0,1,2,4,5,6,7,8,9,10,11,12,13,14,15
13.0,-21.3,,-90,16,1008,46,0,,46,,75,,,
13.0,-22.2,,-90,16,1007,46,0,,46,,74,,,
13.0,-23.1,,-90,16,1007,46,0,,46,,71,,,
13.1,-24.0,,-83,16,1006,46,0,,46,,53,,,
13.4,-25.0,,-73,19,1005,56,0,,56,,72,,,
13.7,-25.9,,-71,17,1002,65,0,,65,,61,,,
13.9,-26.8,,-77,17,1003,65,0,,65,,61,,,
14.1,-27.7,,-77,17,1003,74,0,,74,,61,,,
14.3,-28.6,,-77,17,1002,83,0,,83,,53,,,
14.5,-29.6,,-78,18,999,93,0,,93,,47,,,
14.5,-30.6,,-90,18,995,102,0,,102,,52,,,
14.5,-31.6,,-90,18,990,111,0,,111,,46,,,
14.5,-32.6,,-90,18,986,120,0,,120,,39,,,
14.7,-33.6,,-78,18,984,130,0,,130,,31,,,
14.9,-34.6,,-78,18,982,139,0,,139,,29,,,
15.1,-35.6,,-78,18,976,148,0,,148,,39,,,
15.4,-36.6,,-73,19,976,148,0,,148,,35,,,
15.7,-37.5,,-71,17,972,157,0,,157,,39,,,
15.9,-38.3,,-75,15,964,176,0,,176,,36,,,
16.1,-39.1,,-75,15,959,185,0,,185,,37,,,
16.4,-40.0,,-71,17,955,194,0,,194,,38,,,
16.7,-41.0,,-72,19,951,204,0,,204,,43,,,
17.0,-42.0,,-72,19,949,213,0,,213,,53,,,
17.4,-42.9,,-65,18,945,222,0,,222,,57,,,
17.7,-43.7,,-68,15,945,222,0,,222,,64,,,
17.9,-44.5,,-75,15,945,222,0,,222,,72,,,
18.0,-45.2,,-81,12,945,222,0,,222,,80,,,
18.1,-46.1,,-83,16,946,213,0,,213,,96,,,
18.3,-47.2,,-79,20,957,194,0,,194,,46,,,
18.7,-48.2,,-67,19,967,176,0,,176,,38,,,
19.1,-49.1,,-65,17,975,157,0,,157,,42,,,
19.4,-49.9,,-68,15,976,148,0,,148,,59,,,
19.7,-50.7,,-68,15,977,139,0,,139,,83,,,
19.9,-51.4,,-73,13,985,130,0,,130,,69,,,
20.1,-52.0,,-70,11,988,120,0,,120,,71,,,
20.3,-52.3,,-55,6,985,120,0,,120,,80,,,
20.6,-52.4,,-17,6,985,120,0,,120,,74,,,
20.9,-52.4,,0,6,984,120,0,,120,,73,,,
21.2,-52.4,,0,6,978,130,0,,130,,85,,,
21.6,-52.4,,0,7,972,148,0,,148,,75,,,
22.1,-52.5,,-10,9,969,157,0,,157,,67,,,
22.8,-52.6,,-8,13,960,167,0,,167,,68,,,
23.6,-52.7,,-7,15,957,176,0,,176,,70,,,
24.3,-52.6,,7,13,954,185,0,,185,,50,,,
25.0,-52.5,,7,13,951,194,0,,194,,44,,,
25.7,-52.4,,7,13,953,185,0,,185,,51,,,
26.4,-52.2,,14,13,963,167,0,,167,,62,,,
27.1,-52.3,,-7,13,967,167,0,,167,,61,,,
27.7,-52.5,,-16,12,964,167,0,,167,,64,,,
28.1,-53.0,,-48,11,964,167,0,,167,,56,,,
28.4,-54.0,,-71,17,963,167,0,,167,,39,,,
28.8,-55.2,,-69,21,966,167,0,,167,,57,,,
29.3,-56.5,,-66,23,967,157,0,,157,,57,,,
30.0,-57.8,,-58,25,965,167,0,,167,,71,,,
30.8,-58.9,,-50,23,961,167,0,,167,,54,,,
31.4,-59.9,,-55,19,964,167,0,,167,,74,,,
32.0,-60.9,,-55,19,966,157,0,,157,,80,,,
32.5,-62.0,,-61,20,969,148,0,,148,,93,,,
33.2,-62.9,,-47,19,969,148,0,,148,,107,,,
33.9,-63.6,,-40,17,970,148,0,,148,,97,,,
34.6,-64.3,,-39,17,974,139,0,,139,,92,,,
35.3,-64.2,,7,13,975,139,0,,139,,72,,,
35.8,-63.3,,55,16,978,139,0,,139,,67,,,
36.0,-62.1,,78,18,978,130,0,,130,,71,,,
36.0,-60.7,,90,21,978,130,0,,130,,67,,,
35.9,-59.3,,95,21,978,130,0,,130,,67,,,
35.5,-57.8,,108,24,983,130,0,,130,,66,,,
35.2,-56.2,,102,25,981,139,0,,139,,72,,,
34.9,-54.8,,104,22,978,139,0,,139,,64,,,
34.7,-53.4,,99,22,970,148,0,,148,,69,,,
34.5,-51.9,,99,23,974,157,0,,157,,61,,,
34.4,-50.6,,95,20,974,157,0,,157,,62,,,
34.3,-49.2,,95,22,971,167,0,,167,,66,,,
34.2,-47.7,,94,23,965,176,0,,176,,83,,,
34.2,-46.0,,90,26,965,176,0,,176,,75,,,
34.3,-44.0,,86,31,970,167,0,,167,,54,,,
34.5,-42.0,,83,31,970,167,0,,167,,54,,,
34.7,-40.0,,83,31,973,157,0,,157,,55,,,
35.0,-38.0,,79,31,977,148,0,,148,,51,,,
35.5,-35.6,,75,37,975,148,0,,148,,50,,,
36.1,-32.8,,74,44,980,139,0,,139,,48,,,
37.5,-29.5,,61,55,975,139,0,,139,,64,,,
39.2,-26.2,,56,57,978,130,0,,130,,63,,,
41.5,-23.2,,44,60,975,130,0,,130,,84,,,
44.0,-21.0,,32,55,974,130,0,,130,,79,,,
46.0,-19.2,,32,44,978,120,0,,120,,78,,,
48.0,-17.4,,31,43,976,111,0,,111,,69,,,
50.0,-16.0,,24,41,977,102,0,,102,,70,,,
51.0,-14.5,,43,26,975,102,0,,102,,92,,,
51.2,-12.8,,79,20,978,93,0,,93,,99,,,
51.2,-11.0,,89,21,980,83,0,,83,,110,,,
51.2,-9.4,,89,19,981,74,0,,74,,123,,,
51.0,-8.0,,102,17,987,65,0,,65,,117,,,
50.5,-7.0,,128,15,988,65,0,,65,,117,,,
50.0,-6.0,,128,15,990,65,0,,65,,114,,,
