0,1,2,4,5,6,7,8,9,10,11,12,13,14,15
16.0,-47.0,,-75,22,1009,46,0,,46,,115,,,
16.3,-48.2,,-75,22,1010,46,0,,46,,99,,,
16.5,-49.3,,-79,20,1008,56,0,,56,,58,,,
16.7,-50.4,,-79,20,1006,65,0,,65,,68,,,
16.8,-51.3,,-83,16,1004,65,0,,65,,66,,,
16.9,-51.9,,-80,11,1003,74,0,,74,,76,,,
17.0,-52.4,,-78,9,1003,74,0,,74,,83,,,
17.1,-52.9,,-78,9,1004,74,0,,74,,89,,,
17.2,-53.5,,-80,11,1007,65,0,,65,,87,,,
17.3,-54.1,,-80,11,1007,65,0,,65,,98,,,
17.4,-54.7,,-80,11,1006,65,0,,65,,104,,,
17.6,-55.4,,-73,13,1006,65,0,,65,,105,,,
17.8,-56.1,,-73,13,1006,65,0,,65,,102,,,
18.0,-56.9,,-75,15,1007,56,0,,56,,66,,,
18.2,-57.8,,-77,16,1006,56,0,,56,,69,,,
18.4,-58.7,,-77,16,1007,56,0,,56,,60,,,
18.6,-59.6,,-77,16,1007,56,0,,56,,66,,,
18.8,-60.3,,-73,13,1011,56,0,,56,,56,,,
19.0,-60.9,,-70,11,1010,46,0,,46,,139,,,
19.3,-61.5,,-62,12,1009,46,0,,46,,133,,,
19.6,-61.9,,-51,9,1011,46,0,,46,,106,,,
20.0,-62.2,,-35,9,1012,46,0,,46,,99,,,
20.4,-62.4,,-25,8,1011,46,0,,46,,93,,,
20.8,-62.6,,-25,8,1011,46,0,,46,,91,,,
21.3,-62.7,,-11,9,1008,46,0,,46,,106,,,
21.8,-62.8,,-11,9,1008,46,0,,46,,104,,,
22.2,-62.9,,-13,8,1009,46,0,,46,,96,,,
22.5,-63.0,,-17,6,1010,46,0,,46,,91,,,
22.7,-63.1,,-25,4,1008,56,0,,56,,91,,,
22.8,-63.2,,-43,3,1003,65,0,,65,,112,,,
23.0,-63.4,,-43,5,1003,65,0,,65,,116,,,
23.2,-63.7,,-54,6,1006,65,0,,65,,97,,,
23.5,-64.0,,-42,8,1000,74,0,,74,,101,,,
23.8,-64.2,,-31,7,1001,74,0,,74,,88,,,
24.1,-64.4,,-31,7,999,83,0,,83,,83,,,
24.5,-64.6,,-24,8,999,83,0,,83,,88,,,
24.9,-64.8,,-24,8,992,93,0,,93,,73,,,
25.4,-64.9,,-10,9,991,93,0,,93,,61,,,
26.0,-64.7,,17,12,994,93,0,,93,,70,,,
26.7,-64.2,,33,15,990,93,0,,93,,71,,,
27.2,-63.8,,35,11,994,93,0,,93,,60,,,
27.8,-63.4,,31,13,989,102,0,,102,,50,,,
28.3,-63.0,,35,11,988,102,0,,102,,42,,,
28.8,-62.6,,35,11,991,102,0,,102,,45,,,
29.3,-62.2,,35,11,991,102,0,,102,,45,,,
29.7,-61.8,,41,10,987,111,0,,111,,54,,,
29.7,-61.6,,90,3,986,111,0,,111,,61,,,
29.3,-61.5,,168,8,991,111,0,,111,,52,,,
28.9,-61.6,,-168,8,989,111,0,,111,,58,,,
28.5,-61.8,,-156,8,987,111,0,,111,,63,,,
28.1,-62.1,,-146,9,986,111,0,,111,,68,,,
27.8,-62.7,,-119,11,993,111,0,,111,,59,,,
27.6,-63.4,,-108,12,989,111,0,,111,,72,,,
27.6,-64.2,,-90,13,990,111,0,,111,,76,,,
27.7,-64.9,,-81,12,986,120,0,,120,,86,,,
28.0,-65.5,,-60,11,980,130,0,,130,,64,,,
28.4,-65.7,,-24,8,980,139,0,,139,,38,,,
29.1,-65.1,,37,16,969,167,0,,167,,54,,,
29.7,-63.8,,62,24,968,167,0,,167,,59,,,
30.5,-62.3,,58,28,960,176,0,,176,,50,,,
31.2,-60.7,,63,29,964,176,0,,176,,55,,,
31.9,-59.5,,55,23,964,176,0,,176,,59,,,
32.6,-58.3,,55,23,975,167,0,,167,,43,,,
33.2,-57.3,,54,19,978,139,0,,139,,63,,,
33.7,-56.5,,53,15,980,130,0,,130,,77,,,
34.0,-56.0,,54,9,983,120,0,,120,,71,,,
34.2,-55.5,,64,9,988,120,0,,120,,69,,,
34.3,-55.1,,73,6,980,130,0,,130,,64,,,
34.4,-54.7,,73,6,980,130,0,,130,,66,,,
34.5,-54.2,,76,8,983,130,0,,130,,68,,,
34.5,-53.6,,90,9,989,120,0,,120,,69,,,
34.4,-53.2,,107,6,989,120,0,,120,,70,,,
34.3,-52.8,,107,6,989,120,0,,120,,72,,,
34.1,-52.4,,121,7,983,130,0,,130,,68,,,
33.9,-52.0,,121,7,982,130,0,,130,,66,,,
33.3,-51.7,,157,12,982,130,0,,130,,79,,,
32.7,-51.5,,164,12,986,120,0,,120,,107,,,
32.2,-51.4,,170,9,986,120,0,,120,,101,,,
31.7,-51.3,,170,9,989,111,0,,111,,138,,,
31.2,-51.2,,170,9,990,111,0,,111,,139,,,
30.6,-51.1,,172,11,994,102,0,,102,,113,,,
30.0,-51.1,,180,11,992,102,0,,102,,134,,,
29.4,-51.2,,-172,11,992,93,0,,93,,147,,,
28.8,-51.8,,-139,15,996,83,0,,83,,74,,,
28.2,-52.5,,-134,16,998,83,0,,83,,67,,,
27.7,-53.1,,-133,14,998,74,0,,74,,67,,,
27.2,-53.9,,-125,16,1001,74,0,,74,,73,,,
26.8,-54.7,,-119,15,1001,74,0,,74,,62,,,
26.4,-55.5,,-119,15,1002,65,0,,65,,81,,,
26.2,-56.3,,-105,14,1001,65,0,,65,,64,,,
26.0,-57.1,,-105,14,1002,65,0,,65,,62,,,
25.8,-57.9,,-105,14,1003,65,0,,65,,57,,,
25.6,-58.8,,-104,15,1002,65,0,,65,,63,,,
25.4,-59.4,,-110,11,1003,65,0,,65,,43,,,
25.3,-59.7,,-110,5,1009,56,0,,56,,47,,,
25.2,-59.9,,-119,4,1010,56,0,,56,,49,,,
25.2,-60.0,,-90,2,1010,46,0,,46,,58,,,
25.2,-60.1,,-90,2,1010,46,0,,46,,59,,,
25.2,-60.2,,-90,2,1011,46,0,,46,,58,,,
25.2,-60.3,,-90,2,1013,37,0,,37,,69,,,
25.2,-60.4,,-90,2,1013,37,0,,37,,69,,,
