0,1,2,4,5,6,7,8,9,10,11,12,13,14,15
11.7,-31.0,,-86,25,1005,65,0,,65,,71,,,
11.8,-32.4,,-86,25,1000,83,0,,83,,59,,,
12.0,-34.0,,-83,29,998,93,0,,93,,60,,,
12.2,-35.7,,-83,31,995,102,0,,102,,51,,,
12.4,-37.4,,-83,31,990,111,0,,111,,49,,,
12.6,-38.8,,-82,26,991,111,0,,111,,54,,,
12.7,-40.3,,-86,27,990,111,0,,111,,52,,,
13.0,-42.0,,-80,31,990,111,0,,111,,35,,,
13.5,-44.0,,-75,37,989,111,0,,111,,48,,,
13.7,-45.5,,-82,27,993,111,0,,111,,85,,,
14.0,-47.0,,-78,28,993,111,0,,111,,91,,,
14.3,-48.7,,-79,31,990,120,0,,120,,66,,,
14.6,-50.6,,-81,35,991,130,0,,130,,70,,,
14.8,-52.4,,-83,32,988,139,0,,139,,51,,,
15.1,-54.2,,-80,33,986,148,0,,148,,51,,,
15.4,-55.8,,-79,29,980,167,0,,167,,39,,,
15.7,-57.4,,-79,29,971,185,0,,185,,43,,,
15.9,-59.0,,-82,29,960,204,0,,204,,50,,,
16.2,-60.5,,-78,27,945,222,0,,222,,45,,,
16.5,-62.0,,-78,27,930,241,0,,241,,53,,,
16.9,-63.4,,-73,26,933,241,0,,241,,53,,,
17.4,-64.8,,-69,26,941,232,0,,232,,66,,,
18.0,-66.2,,-66,27,940,222,0,,222,,73,,,
18.6,-67.3,,-60,22,958,194,0,,194,,73,,,
18.9,-68.1,,-68,15,955,194,0,,194,,56,,,
19.3,-68.9,,-62,16,957,194,0,,194,,62,,,
19.7,-69.8,,-65,17,959,194,0,,194,,64,,,
20.1,-70.6,,-62,16,959,194,0,,194,,62,,,
20.4,-71.4,,-68,15,957,194,0,,194,,53,,,
20.7,-72.2,,-68,15,955,194,0,,194,,48,,,
21.0,-73.0,,-68,15,952,194,0,,194,,47,,,
21.4,-73.7,,-58,14,955,194,0,,194,,46,,,
22.0,-74.5,,-51,18,957,194,0,,194,,33,,,
22.5,-75.3,,-56,17,950,194,0,,194,,53,,,
23.0,-76.0,,-52,15,952,194,0,,194,,50,,,
23.4,-76.5,,-49,11,951,194,0,,194,,55,,,
23.8,-77.0,,-49,11,950,194,0,,194,,55,,,
24.2,-77.4,,-42,10,950,194,0,,194,,63,,,
24.5,-77.7,,-42,8,950,194,0,,194,,70,,,
25.1,-78.0,,-24,12,950,194,0,,194,,79,,,
25.6,-78.2,,-20,10,950,194,0,,194,,97,,,
26.2,-78.4,,-17,12,947,194,0,,194,,91,,,
27.0,-78.6,,-13,15,943,194,0,,194,,69,,,
27.6,-78.8,,-16,12,944,194,0,,194,,83,,,
28.3,-79.0,,-14,13,943,194,0,,194,,67,,,
29.0,-79.1,,-7,13,946,194,0,,194,,73,,,
29.7,-79.0,,7,13,952,194,0,,194,,79,,,
30.3,-78.9,,8,11,953,194,0,,194,,77,,,
30.9,-78.7,,16,12,955,194,0,,194,,70,,,
31.3,-78.4,,33,9,954,194,0,,194,,71,,,
31.7,-78.0,,40,10,954,194,0,,194,,70,,,
32.2,-77.5,,40,12,953,194,0,,194,,68,,,
32.6,-76.9,,52,12,951,194,0,,194,,70,,,
32.8,-76.2,,71,12,952,194,0,,194,,67,,,
33.0,-75.5,,71,12,952,194,0,,194,,68,,,
33.3,-75.0,,54,10,952,194,0,,194,,68,,,
33.7,-74.6,,40,10,953,194,0,,194,,66,,,
34.1,-74.4,,22,8,954,194,0,,194,,61,,,
34.5,-74.5,,-12,8,954,194,0,,194,,56,,,
34.8,-75.0,,-54,9,952,194,0,,194,,51,,,
35.1,-75.7,,-62,12,950,194,0,,194,,53,,,
35.2,-75.8,,-39,14,953,194,1,,194,,50,,,
35.7,-76.0,,-18,12,956,167,0,,167,,71,,,
36.3,-75.7,,22,12,964,148,0,,148,,75,,,
36.4,-75.5,,58,4,978,139,0,,139,,75,,,
36.4,-75.3,,90,3,977,139,0,,139,,76,,,
36.4,-75.0,,90,4,978,130,0,,130,,86,,,
36.5,-74.7,,67,5,979,130,0,,130,,88,,,
37.0,-74.0,,48,14,981,130,0,,130,,63,,,
37.7,-72.9,,51,21,983,130,0,,130,,53,,,
38.3,-71.9,,52,18,979,130,0,,130,,55,,,
38.8,-70.7,,62,20,976,130,0,,130,,65,,,
39.3,-69.0,,69,26,980,130,0,,130,,67,,,
39.4,-67.3,,85,24,982,130,0,,130,,69,,,
39.5,-65.4,,85,27,983,130,0,,130,,79,,,
39.7,-63.5,,82,27,981,130,0,,130,,77,,,
39.5,-61.3,,96,32,982,120,0,,120,,84,,,
39.3,-58.9,,95,35,995,111,0,,111,,70,,,
39.1,-56.5,,95,35,995,102,0,,102,,77,,,
38.7,-54.3,,102,33,997,93,0,,93,,78,,,
38.3,-52.9,,110,22,989,93,0,,93,,156,,,
37.9,-52.0,,119,15,991,93,0,,93,,163,,,
37.3,-50.9,,124,20,988,83,0,,83,,145,,,
36.7,-50.0,,130,17,991,83,0,,83,,153,,,
36.0,-49.0,,131,20,989,83,0,,83,,126,,,
35.4,-48.2,,132,16,990,83,0,,83,,141,,,
34.7,-47.2,,130,20,994,74,0,,74,,112,,,
34.3,-46.0,,112,20,1001,74,0,,74,,65,,,
34.2,-45.0,,97,15,1002,74,0,,74,,76,,,
34.3,-44.1,,82,14,1001,74,0,,74,,86,,,
34.6,-43.3,,65,13,999,74,0,,74,,90,,,
35.3,-43.0,,19,14,997,74,0,,74,,84,,,
35.6,-43.0,,0,6,1000,74,0,,74,,102,,,
36.0,-43.2,,-22,8,1003,74,0,,74,,114,,,
36.3,-43.3,,-15,6,1002,74,0,,74,,106,,,
36.5,-43.5,,-39,5,1000,74,0,,74,,97,,,
36.8,-43.7,,-28,6,1001,74,0,,74,,99,,,
37.2,-44.0,,-31,9,1001,74,0,,74,,94,,,
37.5,-44.2,,-28,6,1002,74,0,,74,,98,,,
37.7,-44.5,,-50,6,1001,74,0,,74,,92,,,
38.2,-44.7,,-17,10,1002,74,0,,74,,93,,,
38.7,-44.9,,-17,10,1002,74,0,,74,,92,,,
39.4,-45.0,,-6,13,1000,74,0,,74,,85,,,
40.0,-45.0,,0,11,999,74,0,,74,,85,,,
40.3,-44.7,,37,7,999,74,0,,74,,83,,,
40.6,-44.1,,56,10,1000,74,0,,74,,77,,,
40.6,-43.5,,90,8,999,74,0,,74,,82,,,
40.5,-43.0,,105,7,1000,74,0,,74,,83,,,
40.5,-42.7,,90,4,999,74,0,,74,,88,,,
40.5,-42.3,,90,6,1000,74,0,,74,,87,,,
40.5,-41.9,,90,6,1000,74,0,,74,,88,,,
40.3,-41.5,,123,7,1000,74,0,,74,,84,,,
40.2,-41.2,,113,5,1000,74,0,,74,,86,,,
40.1,-40.9,,113,5,1000,74,0,,74,,86,,,
40.0,-40.5,,108,6,1001,74,0,,74,,89,,,
40.0,-40.0,,90,7,1001,74,0,,74,,96,,,
39.9,-39.3,,100,10,1001,74,0,,74,,92,,,
39.9,-38.7,,90,9,1001,74,0,,74,,100,,,
39.9,-37.9,,90,11,1000,74,0,,74,,99,,,
40.0,-37.0,,81,13,999,74,0,,74,,97,,,
39.9,-35.7,,95,19,996,74,0,,74,,89,,,
39.7,-34.7,,104,15,995,83,0,,83,,83,,,
39.5,-33.3,,100,20,994,93,0,,93,,86,,,
39.0,-32.0,,116,21,985,102,0,,102,,121,,,
38.3,-31.1,,135,18,985,111,0,,111,,113,,,
37.9,-30.5,,130,11,982,120,0,,120,,91,,,
37.5,-29.6,,119,15,979,130,0,,130,,82,,,
37.3,-28.7,,105,14,978,130,0,,130,,80,,,
37.8,-27.5,,62,20,982,120,0,,120,,69,,,
39.0,-25.5,,52,37,984,111,0,,111,,60,,,
41.5,-22.5,,42,63,981,102,0,,102,,92,,,
45.0,-18.5,,38,84,988,93,0,,93,,90,,,
49.0,-15.5,,26,83,989,83,0,,83,,100,,,
