0,1,2,4,5,6,7,8,9,10,11,12,13,14,15
12.9,-20.5,,-77,33,1009,46,0,,46,,78,,,
13.3,-22.3,,-77,33,1010,46,0,,46,,75,,,
13.7,-24.1,,-77,33,1009,46,0,,46,,79,,,
14.0,-25.9,,-80,33,1006,56,0,,56,,71,,,
14.3,-27.6,,-79,31,1006,65,0,,65,,54,,,
14.6,-29.3,,-79,31,1006,65,0,,65,,45,,,
14.8,-30.9,,-82,29,1003,74,0,,74,,38,,,
15.0,-32.7,,-83,32,1002,83,0,,83,,42,,,
15.1,-34.8,,-87,38,997,93,0,,93,,52,,,
15.2,-37.2,,-87,43,992,111,0,,111,,47,,,
15.2,-39.6,,-90,43,989,120,0,,120,,44,,,
15.3,-41.8,,-87,39,992,120,0,,120,,38,,,
15.3,-43.8,,-90,36,990,120,0,,120,,48,,,
15.3,-45.7,,-90,34,989,120,0,,120,,59,,,
15.3,-47.7,,-90,36,992,120,0,,120,,75,,,
15.5,-49.8,,-84,38,993,120,0,,120,,74,,,
16.0,-52.0,,-76,40,993,120,0,,120,,68,,,
16.4,-54.1,,-78,38,995,120,0,,120,,64,,,
16.7,-56.2,,-81,38,986,139,0,,139,,65,,,
17.0,-58.0,,-80,32,990,130,0,,130,,59,,,
17.4,-59.6,,-75,29,994,111,0,,111,,45,,,
17.9,-61.0,,-69,26,997,102,0,,102,,37,,,
18.4,-62.3,,-68,25,995,102,0,,102,,24,,,
19.0,-63.7,,-65,27,994,111,0,,111,,34,,,
19.7,-65.1,,-62,28,987,130,0,,130,,72,,,
20.4,-66.3,,-58,25,993,120,0,,120,,93,,,
21.0,-67.5,,-62,24,989,120,0,,120,,111,,,
21.7,-68.9,,-62,27,983,130,0,,130,,111,,,
22.2,-70.0,,-64,21,979,139,0,,139,,85,,,
22.7,-70.4,,-36,12,973,148,0,,148,,33,,,
23.3,-70.7,,-25,12,962,176,0,,176,,41,,,
23.8,-71.0,,-29,11,957,185,0,,185,,48,,,
24.2,-71.1,,-13,8,955,185,0,,185,,56,,,
24.6,-71.1,,0,7,960,176,0,,176,,62,,,
25.0,-71.1,,0,7,963,167,0,,167,,55,,,
25.4,-71.2,,-13,8,963,167,0,,167,,59,,,
25.8,-71.5,,-34,9,963,167,0,,167,,62,,,
26.3,-71.9,,-36,11,970,148,0,,148,,48,,,
26.9,-72.3,,-31,13,966,157,0,,157,,60,,,
27.4,-72.9,,-47,14,967,157,0,,157,,68,,,
28.0,-73.2,,-24,12,967,157,0,,157,,72,,,
28.7,-73.4,,-14,13,973,148,0,,148,,47,,,
29.4,-73.5,,-7,13,954,157,0,,157,,98,,,
30.5,-73.3,,9,21,963,167,0,,167,,74,,,
31.7,-72.5,,30,26,970,167,0,,167,,68,,,
32.9,-71.4,,37,28,963,167,0,,167,,66,,,
34.0,-70.3,,40,27,963,167,0,,167,,80,,,
35.0,-69.2,,42,25,957,176,0,,176,,86,,,
35.8,-68.0,,50,23,958,176,0,,176,,83,,,
36.5,-66.8,,54,22,960,167,0,,167,,92,,,
37.0,-65.2,,68,26,968,167,0,,167,,94,,,
37.1,-63.0,,86,33,966,176,0,,176,,93,,,
37.2,-60.1,,87,43,956,185,0,,185,,57,,,
37.5,-57.0,,82,46,950,194,0,,194,,61,,,
38.3,-54.0,,70,46,951,194,0,,194,,59,,,
39.7,-50.5,,62,57,957,185,0,,185,,69,,,
41.9,-47.0,,49,64,963,176,0,,176,,80,,,
44.7,-43.5,,41,70,972,167,0,,167,,76,,,
47.5,-40.0,,40,69,954,167,0,,167,,78,,,
50.2,-36.5,,39,66,958,167,0,,167,,77,,,
52.8,-33.0,,39,63,958,167,0,,167,,80,,,
55.2,-29.4,,40,59,960,157,0,,157,,86,,,
57.3,-24.5,,50,64,961,148,0,,148,,94,,,
58.7,-19.4,,60,56,963,139,0,,139,,99,,,
60.2,-12.7,,63,69,967,130,0,,130,,102,,,
61.5,-7.0,,62,57,969,120,0,,120,,122,,,
62.5,-2.0,,65,47,975,111,0,,111,,111,,,
62.8,-357.0,,80,43,964,111,0,,111,,100,,,
63.0,-351.0,,83,51,968,102,0,,102,,104,,,
63.4,-344.0,,80,59,967,102,0,,102,,106,,,
64.0,-337.0,,76,59,970,93,0,,93,,109,,,
64.7,-330.0,,74,58,970,93,0,,93,,109,,,
65.7,-325.0,,62,43,970,93,0,,93,,107,,,
66.8,-320.5,,57,39,969,93,0,,93,,108,,,
68.0,-317.5,,42,31,969,93,0,,93,,107,,,
69.5,-314.0,,39,36,968,93,0,,93,,109,,,
71.0,-310.5,,37,35,968,93,0,,93,,109,,,
72.5,-308.0,,26,31,967,93,0,,93,,110,,,
74.0,-306.5,,15,29,967,93,0,,93,,110,,,
75.0,-305.8,,10,19,966,93,0,,93,,110,,,
76.0,-305.4,,6,19,969,83,0,,83,,113,,,
77.0,-305.2,,3,19,969,83,0,,83,,114,,,
78.0,-305.0,,2,19,968,83,0,,83,,115,,,
79.0,-305.0,,0,19,968,83,0,,83,,115,,,
80.0,-305.0,,0,19,968,83,0,,83,,116,,,
81.0,-305.0,,0,19,967,83,0,,83,,117,,,
82.0,-305.0,,0,19,970,74,0,,74,,120,,,
82.5,-304.8,,3,9,970,74,0,,74,,119,,,
82.7,-304.5,,11,4,973,65,0,,65,,122,,,
82.9,-303.8,,23,4,973,65,0,,65,,123,,,
83.0,-303.0,,44,3,973,65,0,,65,,124,,,
83.0,-302.2,,90,2,977,56,0,,56,,128,,,
83.0,-301.4,,90,2,977,56,0,,56,,128,,,
83.0,-300.7,,90,2,977,56,0,,56,,128,,,
83.0,-300.0,,90,2,977,56,0,,56,,129,,,
83.0,-299.0,,90,2,981,46,0,,46,,131,,,
