0,1,2,4,5,6,7,8,9,10,11,12,13,14,15
15.5,-38.0,,-86,25,1008,46,0,,46,,72,,,
15.6,-39.4,,-86,25,1007,46,0,,46,,77,,,
15.8,-40.8,,-81,25,1007,46,0,,46,,87,,,
16.0,-41.9,,-79,20,1007,46,0,,46,,87,,,
16.4,-42.8,,-65,18,1006,56,0,,56,,96,,,
16.9,-43.7,,-60,18,1006,56,0,,56,,110,,,
17.5,-44.8,,-60,22,1004,65,0,,65,,119,,,
18.1,-45.9,,-60,22,1001,83,0,,83,,92,,,
18.8,-47.1,,-58,25,997,93,0,,93,,37,,,
19.5,-48.3,,-58,25,994,102,0,,102,,37,,,
20.2,-49.5,,-58,25,990,111,0,,111,,28,,,
21.0,-50.6,,-52,24,990,111,0,,111,,28,,,
22.0,-51.7,,-45,27,990,111,0,,111,,28,,,
23.2,-52.6,,-35,27,989,111,0,,111,,28,,,
24.4,-53.4,,-31,26,989,111,0,,111,,28,,,
25.6,-54.0,,-24,24,987,111,0,,111,,28,,,
27.0,-54.0,,0,26,986,111,0,,111,,28,,,
28.3,-53.7,,11,25,984,120,0,,120,,28,,,
29.6,-53.3,,15,25,981,130,0,,130,,37,,,
30.5,-52.2,,46,24,980,130,0,,130,,37,,,
30.8,-50.7,,77,25,980,130,0,,130,,37,,,
30.8,-49.1,,90,25,980,130,0,,130,,37,,,
30.7,-47.5,,94,26,981,130,0,,130,,37,,,
30.6,-45.4,,93,34,984,120,0,,120,,37,,,
30.6,-43.0,,89,38,985,120,0,,120,,37,,,
30.8,-40.6,,84,38,985,120,0,,120,,37,,,
31.1,-38.8,,79,29,986,111,0,,111,,56,,,
31.7,-37.1,,67,29,987,111,0,,111,,74,,,
32.5,-35.9,,51,24,988,102,0,,102,,74,,,
33.1,-35.1,,48,17,988,102,0,,102,,74,,,
33.5,-34.5,,51,12,989,93,0,,93,,74,,,
33.9,-33.9,,51,12,989,93,0,,93,,93,,,
34.3,-33.3,,51,12,989,93,0,,93,,93,,,
34.9,-32.7,,39,14,989,93,0,,93,,130,,,
35.5,-32.3,,28,13,989,93,0,,93,,130,,,
36.1,-32.0,,22,12,989,93,0,,93,,130,,,
36.7,-32.0,,0,11,989,93,0,,93,,130,,,
37.1,-32.0,,0,7,987,93,0,,93,,130,,,
37.2,-31.6,,72,6,986,93,0,,93,,194,,,
36.9,-30.9,,118,12,986,93,0,,93,,194,,,
36.5,-30.0,,119,15,986,93,0,,93,,194,,,
36.2,-29.0,,110,16,984,102,0,,102,,185,,,
35.9,-28.2,,115,13,984,102,0,,102,,130,,,
35.4,-27.4,,127,15,984,102,0,,102,,130,,,
34.6,-27.3,,174,15,984,93,0,,93,,130,,,
33.6,-27.2,,175,19,984,93,0,,93,,130,,,
32.5,-26.9,,167,21,985,83,0,,83,,130,,,
31.8,-26.7,,166,13,986,83,0,,83,,130,,,
31.0,-26.4,,162,16,987,83,0,,83,,130,,,
30.5,-26.2,,161,10,987,83,0,,83,,130,,,
30.4,-25.9,,111,5,987,83,0,,83,,102,,,
30.4,-25.6,,90,5,987,93,0,,93,,65,,,
30.6,-25.4,,41,5,987,93,0,,93,,56,,,
30.9,-25.8,,-49,8,988,93,0,,93,,56,,,
31.1,-26.2,,-60,7,990,83,0,,83,,93,,,
31.3,-26.7,,-65,9,992,83,0,,83,,93,,,
31.5,-27.4,,-71,12,995,83,0,,83,,93,,,
31.8,-28.1,,-63,12,996,83,0,,83,,74,,,
32.1,-28.8,,-63,12,996,74,0,,74,,74,,,
32.1,-29.5,,-90,11,996,74,0,,74,,74,,,
32.0,-29.9,,-106,7,997,74,0,,74,,74,,,
31.7,-30.1,,-150,6,997,74,0,,74,,74,,,
31.4,-30.3,,-150,6,998,74,0,,74,,74,,,
31.1,-30.4,,-164,6,998,74,0,,74,,111,,,
30.7,-30.5,,-168,8,995,83,0,,83,,74,,,
30.2,-30.7,,-161,10,993,93,0,,93,,74,,,
29.6,-31.0,,-156,12,993,93,0,,93,,74,,,
29.1,-31.4,,-145,11,993,93,0,,93,,74,,,
28.7,-31.9,,-132,11,993,93,0,,93,,74,,,
28.5,-32.5,,-111,10,993,102,0,,102,,56,,,
28.5,-33.2,,-90,11,993,102,0,,102,,56,,,
28.7,-33.9,,-72,12,991,111,0,,111,,56,,,
29.2,-34.4,,-41,12,988,120,0,,120,,46,,,
29.7,-34.8,,-35,11,988,120,0,,120,,46,,,
30.5,-35.3,,-28,17,988,120,0,,120,,46,,,
31.4,-35.7,,-21,18,988,120,0,,120,,46,,,
32.6,-36.1,,-16,23,988,120,0,,120,,37,,,
33.8,-36.6,,-19,24,986,130,0,,130,,37,,,
35.0,-37.1,,-19,24,983,139,0,,139,,56,,,
36.0,-37.6,,-22,20,982,139,0,,139,,46,,,
36.8,-38.3,,-35,18,978,148,0,,148,,46,,,
37.2,-38.9,,-50,12,978,148,0,,148,,46,,,
36.9,-39.4,,-127,9,980,139,0,,139,,56,,,
36.4,-39.4,,180,9,988,120,0,,120,,56,,,
35.9,-39.4,,180,9,991,111,0,,111,,56,,,
35.4,-39.4,,180,9,995,102,0,,102,,56,,,
34.8,-39.1,,158,12,995,102,0,,102,,56,,,
34.5,-38.5,,121,11,995,102,0,,102,,74,,,
34.3,-37.9,,112,10,995,102,0,,102,,222,,,
34.3,-37.1,,90,12,995,102,0,,102,,222,,,
34.4,-36.2,,82,14,998,93,0,,93,,222,,,
34.6,-35.3,,75,14,1000,83,0,,83,,167,,,
34.9,-34.0,,74,21,1000,83,0,,83,,167,,,
35.4,-32.5,,67,25,1000,74,0,,74,,222,,,
36.3,-30.9,,55,29,998,74,0,,74,,222,,,
37.6,-29.1,,47,36,996,74,0,,74,,222,,,
