0,1,2,4,5,6,7,8,9,10,11,12,13,14,15
25.5,-71.5,,138,7,1011,46,0,,46,,119,,,
25.2,-71.2,,138,7,1010,46,0,,46,,134,,,
25.0,-71.0,,138,5,1011,46,0,,46,,130,,,
24.8,-70.8,,138,5,1010,46,0,,46,,140,,,
24.6,-70.5,,126,6,1009,46,0,,46,,169,,,
24.4,-70.3,,138,5,1010,46,0,,46,,136,,,
24.3,-69.9,,105,7,1009,46,0,,46,,151,,,
24.7,-69.3,,54,13,1008,46,0,,46,,144,,,
25.2,-68.8,,42,13,1008,46,0,,46,,139,,,
25.5,-68.5,,42,7,1008,46,0,,46,,127,,,
25.9,-68.2,,34,9,1008,46,0,,46,,121,,,
26.3,-68.0,,24,8,1009,46,0,,46,,118,,,
26.6,-67.9,,17,6,1009,46,0,,46,,103,,,
26.8,-67.7,,42,5,1007,46,0,,46,,99,,,
27.0,-67.6,,24,4,1008,46,0,,46,,94,,,
27.3,-67.4,,31,6,1006,56,0,,56,,96,,,
27.6,-67.0,,50,9,1007,56,0,,56,,88,,,
27.7,-66.6,,74,7,1006,56,0,,56,,59,,,
27.7,-66.1,,90,8,1003,74,0,,74,,115,,,
27.7,-65.5,,90,10,1003,83,0,,83,,139,,,
27.7,-65.0,,90,8,997,93,0,,93,,68,,,
27.8,-64.2,,82,13,994,102,0,,102,,51,,,
27.9,-63.3,,83,15,991,120,0,,120,,46,,,
28.3,-62.4,,63,16,987,120,0,,120,,51,,,
28.9,-61.6,,49,17,982,130,0,,130,,46,,,
29.6,-60.7,,48,19,984,139,0,,139,,40,,,
30.3,-59.9,,45,18,985,139,0,,139,,37,,,
31.1,-59.0,,44,21,978,148,0,,148,,41,,,
31.7,-58.2,,48,17,975,148,0,,148,,48,,,
32.3,-57.2,,54,19,969,157,0,,157,,73,,,
32.7,-56.1,,66,19,966,157,0,,157,,80,,,
33.0,-54.9,,73,19,959,167,0,,167,,72,,,
33.3,-53.3,,77,25,966,176,0,,176,,76,,,
33.6,-52.7,,59,11,969,167,0,,167,,118,,,
33.7,-50.1,,87,40,971,157,0,,157,,65,,,
33.3,-48.3,,104,29,964,148,0,,148,,80,,,
33.0,-48.4,,-164,6,981,139,0,,139,,87,,,
32.9,-48.7,,-112,5,978,139,0,,139,,85,,,
32.8,-49.1,,-106,6,981,130,0,,130,,88,,,
32.7,-49.4,,-112,5,982,130,0,,130,,92,,,
32.7,-49.6,,-90,3,981,130,0,,130,,79,,,
32.7,-49.8,,-90,3,981,130,0,,130,,79,,,
32.7,-50.1,,-90,5,987,120,0,,120,,77,,,
32.7,-50.5,,-90,6,988,120,0,,120,,77,,,
32.7,-51.0,,-90,8,987,120,0,,120,,79,,,
32.7,-51.5,,-90,8,989,120,0,,120,,78,,,
32.7,-51.9,,-90,6,992,120,0,,120,,66,,,
32.6,-52.2,,-112,5,989,120,0,,120,,76,,,
32.5,-52.4,,-121,4,988,120,0,,120,,77,,,
32.3,-52.6,,-140,5,987,120,0,,120,,80,,,
32.1,-52.8,,-140,5,987,120,0,,120,,79,,,
31.8,-52.8,,180,6,984,120,0,,120,,81,,,
31.4,-52.6,,157,8,985,120,0,,120,,87,,,
31.0,-52.2,,139,10,984,120,0,,120,,97,,,
31.0,-51.7,,90,8,987,120,0,,120,,79,,,
31.2,-51.6,,23,4,986,120,0,,120,,76,,,
31.4,-51.7,,-23,4,989,120,0,,120,,72,,,
31.6,-51.8,,-23,4,989,120,0,,120,,70,,,
31.7,-52.0,,-60,4,990,120,0,,120,,68,,,
31.8,-52.4,,-74,7,992,120,0,,120,,63,,,
31.7,-53.0,,-101,10,992,120,0,,120,,61,,,
31.6,-53.5,,-103,8,990,120,0,,120,,67,,,
31.5,-54.2,,-99,11,993,120,0,,120,,54,,,
31.4,-55.2,,-96,16,993,120,0,,120,,56,,,
31.3,-56.5,,-95,21,994,120,0,,120,,55,,,
31.3,-57.8,,-90,21,995,120,0,,120,,55,,,
31.2,-59.2,,-94,22,995,120,0,,120,,53,,,
31.1,-60.3,,-96,18,994,148,0,,148,,44,,,
31.0,-61.5,,-95,19,993,148,0,,148,,44,,,
30.9,-62.8,,-95,21,993,148,0,,148,,44,,,
30.8,-64.0,,-95,19,994,139,0,,139,,46,,,
30.5,-65.1,,-107,18,992,139,0,,139,,46,,,
30.1,-66.2,,-113,19,988,139,0,,139,,54,,,
30.0,-67.1,,-97,15,986,139,0,,139,,56,,,
30.0,-67.5,,-90,6,993,130,0,,130,,44,,,
29.9,-67.8,,-111,5,988,130,0,,130,,47,,,
29.8,-68.2,,-106,7,980,130,0,,130,,54,,,
29.6,-68.4,,-139,5,981,130,0,,130,,56,,,
29.4,-68.5,,-156,4,984,139,0,,139,,51,,,
29.2,-68.6,,-156,4,980,139,0,,139,,54,,,
28.8,-68.8,,-156,8,976,139,0,,139,,56,,,
28.4,-69.0,,-156,8,976,130,0,,130,,58,,,
28.2,-69.3,,-127,6,982,120,0,,120,,51,,,
28.0,-69.7,,-119,8,983,130,0,,130,,47,,,
27.9,-70.2,,-103,8,980,130,0,,130,,45,,,
28.0,-70.4,,-60,4,978,139,0,,139,,40,,,
28.2,-70.6,,-41,5,975,148,0,,148,,38,,,
28.4,-70.9,,-53,6,969,148,0,,148,,66,,,
28.7,-71.0,,-16,6,969,148,0,,148,,55,,,
29.1,-71.1,,-12,8,976,148,0,,148,,39,,,
29.5,-71.3,,-24,8,981,148,0,,148,,42,,,
30.0,-71.7,,-35,11,980,157,0,,157,,46,,,
30.5,-72.2,,-41,12,985,157,0,,157,,42,,,
31.0,-72.8,,-46,13,982,167,0,,167,,49,,,
31.6,-73.5,,-45,16,983,167,0,,167,,53,,,
32.3,-74.4,,-47,19,985,167,0,,167,,53,,,
32.9,-75.0,,-40,15,988,157,0,,157,,51,,,
33.5,-75.5,,-35,14,985,148,0,,148,,74,,,
34.0,-76.0,,-40,12,985,139,0,,139,,87,,,
34.5,-76.5,,-39,12,984,120,0,,120,,78,,,
34.7,-77.0,,-64,8,991,111,0,,111,,65,,,
34.8,-77.5,,-76,8,997,102,0,,102,,72,,,
34.9,-78.0,,-76,8,1000,83,0,,83,,70,,,
35.2,-78.2,,-29,6,1004,56,0,,56,,80,,,
35.6,-78.3,,-11,8,1007,56,0,,56,,94,,,
36.2,-78.2,,8,11,1002,56,0,,56,,85,,,
36.8,-78.1,,8,11,1002,56,0,,56,,91,,,
37.2,-77.7,,38,9,1007,56,0,,56,,110,,,
37.3,-76.8,,82,13,1007,56,0,,56,,78,,,
37.2,-75.9,,98,13,1008,56,0,,56,,65,,,
37.0,-75.0,,105,14,1007,56,0,,56,,56,,,
36.7,-74.1,,112,14,1008,56,0,,56,,54,,,
36.4,-73.3,,115,13,1008,56,0,,56,,55,,,
36.1,-72.7,,122,11,1008,56,0,,56,,56,,,
35.9,-72.0,,109,11,1010,46,0,,46,,63,,,
35.8,-71.3,,100,11,1010,46,0,,46,,66,,,
35.7,-70.6,,100,11,1010,46,0,,46,,71,,,
35.7,-69.9,,90,11,1010,46,0,,46,,77,,,
