0,1,2,4,5,6,7,8,9,10,11,12,13,14,15
13.8,-41.2,,-82,13,1006,56,0,,56,,85,,,
13.9,-41.9,,-82,13,1006,56,0,,56,,77,,,
14.0,-42.5,,-80,11,1005,56,0,,56,,73,,,
14.1,-43.1,,-80,11,1005,56,0,,56,,66,,,
14.2,-43.7,,-80,11,1003,65,0,,65,,61,,,
14.3,-44.3,,-80,11,1003,65,0,,65,,61,,,
14.5,-44.9,,-71,11,1002,74,0,,74,,42,,,
14.6,-45.4,,-78,9,1002,74,0,,74,,53,,,
14.8,-45.8,,-63,8,1003,74,0,,74,,65,,,
14.9,-46.2,,-75,7,1001,83,0,,83,,50,,,
15.0,-46.7,,-78,9,1001,83,0,,83,,47,,,
15.1,-47.1,,-75,7,999,93,0,,93,,60,,,
15.2,-47.6,,-78,9,999,93,0,,93,,60,,,
15.3,-48.0,,-75,7,996,102,0,,102,,60,,,
15.5,-48.6,,-71,11,997,102,0,,102,,59,,,
15.7,-49.3,,-73,13,994,111,0,,111,,65,,,
15.9,-50.0,,-73,13,991,120,0,,120,,53,,,
16.1,-50.7,,-73,13,988,130,0,,130,,48,,,
16.4,-51.5,,-69,15,988,130,0,,130,,60,,,
16.7,-52.2,,-66,14,984,139,0,,139,,50,,,
17.2,-53.0,,-57,17,980,148,0,,148,,52,,,
17.6,-53.7,,-59,14,980,148,0,,148,,58,,,
18.2,-54.5,,-52,18,974,157,0,,157,,55,,,
18.8,-55.3,,-52,18,974,157,0,,157,,62,,,
19.5,-56.2,,-50,20,972,157,0,,157,,76,,,
20.2,-57.1,,-50,20,966,167,0,,167,,77,,,
20.8,-58.0,,-54,19,962,176,0,,176,,79,,,
21.5,-58.8,,-47,19,953,185,0,,185,,94,,,
22.2,-59.5,,-43,18,951,194,0,,194,,70,,,
23.0,-60.2,,-39,19,957,194,0,,194,,150,,,
23.6,-61.0,,-51,18,943,194,0,,194,,55,,,
24.0,-61.8,,-61,15,948,194,0,,194,,113,,,
24.2,-62.6,,-75,14,951,194,0,,194,,118,,,
24.3,-63.4,,-82,14,953,194,0,,194,,96,,,
24.4,-64.0,,-80,10,953,194,0,,194,,82,,,
24.7,-64.5,,-56,10,952,194,0,,194,,101,,,
25.0,-65.0,,-56,10,952,194,0,,194,,92,,,
25.3,-65.5,,-56,10,953,194,0,,194,,83,,,
25.6,-66.0,,-56,10,953,194,0,,194,,78,,,
26.0,-66.2,,-24,8,948,194,0,,194,,72,,,
26.6,-66.3,,-8,11,946,204,0,,204,,45,,,
27.3,-66.4,,-7,13,946,204,0,,204,,47,,,
28.0,-66.5,,-7,13,948,204,0,,204,,63,,,
28.6,-66.7,,-16,12,947,204,0,,204,,68,,,
29.0,-67.0,,-33,9,949,204,0,,204,,71,,,
29.3,-67.3,,-41,7,951,204,0,,204,,60,,,
29.5,-67.5,,-41,5,946,213,0,,213,,47,,,
29.8,-67.7,,-30,6,946,213,0,,213,,48,,,
30.0,-67.8,,-23,4,951,204,0,,204,,59,,,
30.3,-67.9,,-16,6,952,204,0,,204,,57,,,
30.5,-68.0,,-23,4,956,194,0,,194,,59,,,
30.7,-68.1,,-23,4,956,194,0,,194,,58,,,
30.9,-68.2,,-23,4,962,185,0,,185,,65,,,
31.1,-68.3,,-23,4,962,185,0,,185,,64,,,
31.3,-68.5,,-40,5,970,176,0,,176,,60,,,
31.5,-69.0,,-65,9,970,176,0,,176,,59,,,
31.7,-69.7,,-71,12,969,176,0,,176,,60,,,
32.0,-70.4,,-63,12,970,176,0,,176,,54,,,
32.5,-71.0,,-45,13,972,176,0,,176,,49,,,
33.2,-71.2,,-13,13,969,176,0,,176,,59,,,
34.0,-71.3,,-6,15,976,167,0,,167,,45,,,
34.9,-71.2,,5,17,970,167,0,,167,,69,,,
35.8,-70.9,,15,17,965,167,0,,167,,80,,,
36.8,-69.6,,46,27,968,167,0,,167,,101,,,
37.8,-68.0,,51,30,970,167,0,,167,,91,,,
38.8,-66.3,,53,31,970,167,0,,167,,85,,,
39.6,-64.5,,60,30,968,167,0,,167,,84,,,
39.9,-63.0,,75,22,969,167,0,,167,,61,,,
39.7,-61.7,,101,19,971,157,0,,157,,56,,,
39.4,-60.7,,111,15,969,157,0,,157,,62,,,
39.0,-60.3,,142,9,970,157,0,,157,,64,,,
38.8,-60.0,,130,6,969,157,0,,157,,64,,,
38.7,-60.1,,-142,2,972,148,0,,148,,71,,,
38.6,-60.5,,-108,6,973,148,0,,148,,67,,,
38.5,-61.0,,-104,7,978,139,0,,139,,70,,,
38.3,-61.6,,-113,9,978,139,0,,139,,69,,,
38.0,-62.2,,-122,10,984,130,0,,130,,72,,,
37.7,-62.7,,-127,9,984,130,0,,130,,72,,,
37.5,-63.0,,-130,6,987,120,0,,120,,78,,,
37.5,-62.8,,90,3,987,120,0,,120,,74,,,
37.7,-61.8,,76,15,992,111,0,,111,,69,,,
38.0,-60.7,,71,17,994,111,0,,111,,71,,,
38.5,-59.5,,62,20,993,111,0,,111,,67,,,
39.5,-58.4,,40,24,990,111,0,,111,,61,,,
40.7,-57.3,,35,27,978,120,0,,120,,59,,,
42.0,-56.2,,32,29,976,130,0,,130,,57,,,
43.4,-55.2,,27,29,975,130,0,,130,,65,,,
44.7,-54.5,,21,26,973,130,0,,130,,76,,,
46.0,-54.1,,12,25,983,102,0,,102,,82,,,
47.3,-53.8,,9,24,985,93,0,,93,,90,,,
48.8,-53.2,,15,29,985,93,0,,93,,89,,,
50.7,-52.4,,15,36,979,93,0,,93,,74,,,
52.9,-51.4,,15,42,976,93,0,,93,,71,,,
55.4,-50.4,,13,48,983,83,0,,83,,105,,,
58.2,-49.2,,13,53,983,83,0,,83,,119,,,
